graf annihilator Z_91
{
 7: [13,26,39,52,65,78]
 13: [7,14,21,28,35,42,49,56,63,70,77,84]
 14: [13,26,39,52,65,78]
 21: [13,26,39,52,65,78]
 26: [7,14,21,28,35,42,49,56,63,70,77,84]
 28: [13,26,39,52,65,78]
 35: [13,26,39,52,65,78]
 39: [7,14,21,28,35,42,49,56,63,70,77,84]
 42: [13,26,39,52,65,78]
 49: [13,26,39,52,65,78]
 52: [7,14,21,28,35,42,49,56,63,70,77,84]
 56: [13,26,39,52,65,78]
 63: [13,26,39,52,65,78]
 65: [7,14,21,28,35,42,49,56,63,70,77,84]
 70: [13,26,39,52,65,78]
 77: [13,26,39,52,65,78]
 78: [7,14,21,28,35,42,49,56,63,70,77,84]
 84: [13,26,39,52,65,78]
}
 orde : 18	 size : 72
 indeks topologi :
 narumi katayama : 6499837226778624
 first multiplicative zagreb : ( 42247883974617233597120303333376 2396736928364335973507765129443979471344505983547819457162094368575892567404767557426610176) 
 second multiplicative zagreb : 53449019547361999534025300140057538544940601393106611570269540644280818850419033099696863861289188541180498511377339362341642322313216