graf annihilator Z_77
{
 7: [11,22,33,44,55,66]
 11: [7,14,21,28,35,42,49,56,63,70]
 14: [11,22,33,44,55,66]
 21: [11,22,33,44,55,66]
 22: [7,14,21,28,35,42,49,56,63,70]
 28: [11,22,33,44,55,66]
 33: [7,14,21,28,35,42,49,56,63,70]
 35: [11,22,33,44,55,66]
 42: [11,22,33,44,55,66]
 44: [7,14,21,28,35,42,49,56,63,70]
 49: [11,22,33,44,55,66]
 55: [7,14,21,28,35,42,49,56,63,70]
 56: [11,22,33,44,55,66]
 63: [11,22,33,44,55,66]
 66: [7,14,21,28,35,42,49,56,63,70]
 70: [11,22,33,44,55,66]
}
 orde : 16	 size : 60
 indeks topologi :
 narumi katayama : 60466176000000
 first multiplicative zagreb : ( 3656158440062976000000000000 1766847064778384329583297500742918515827483896875618958121606201292619776) 
 second multiplicative zagreb : 48873677980689257489322752273774603865660850176000000000000000000000000000000000000000000000000000000000000