graf annihilator Z_119
{
 7: [17,34,51,68,85,102]
 14: [17,34,51,68,85,102]
 17: [7,14,21,28,35,42,49,56,63,70,77,84,91,98,105,112]
 21: [17,34,51,68,85,102]
 28: [17,34,51,68,85,102]
 34: [7,14,21,28,35,42,49,56,63,70,77,84,91,98,105,112]
 35: [17,34,51,68,85,102]
 42: [17,34,51,68,85,102]
 49: [17,34,51,68,85,102]
 51: [7,14,21,28,35,42,49,56,63,70,77,84,91,98,105,112]
 56: [17,34,51,68,85,102]
 63: [17,34,51,68,85,102]
 68: [7,14,21,28,35,42,49,56,63,70,77,84,91,98,105,112]
 70: [17,34,51,68,85,102]
 77: [17,34,51,68,85,102]
 84: [17,34,51,68,85,102]
 85: [7,14,21,28,35,42,49,56,63,70,77,84,91,98,105,112]
 91: [17,34,51,68,85,102]
 98: [17,34,51,68,85,102]
 102: [7,14,21,28,35,42,49,56,63,70,77,84,91,98,105,112]
 105: [17,34,51,68,85,102]
 112: [17,34,51,68,85,102]
}
 orde : 22	 size : 96
 indeks topologi :
 narumi katayama : 47330370277129322496
 first multiplicative zagreb : ( 2240163950570166819970668427091971670016 745722692442808107320002052413470736703277127841246979171096885031222950221621819935315986654051397001309398615668936918377168896) 
 second multiplicative zagreb : 19862704051982797580576125639477612374708322893151441233985491658847582706097318376646920317555554524971459613579567077892532792722158677152071233347563474577287871314398899332488478637162496