graf annihilator Z_65
{
 5: [13,26,39,52]
 10: [13,26,39,52]
 13: [5,10,15,20,25,30,35,40,45,50,55,60]
 15: [13,26,39,52]
 20: [13,26,39,52]
 25: [13,26,39,52]
 26: [5,10,15,20,25,30,35,40,45,50,55,60]
 30: [13,26,39,52]
 35: [13,26,39,52]
 39: [5,10,15,20,25,30,35,40,45,50,55,60]
 40: [13,26,39,52]
 45: [13,26,39,52]
 50: [13,26,39,52]
 52: [5,10,15,20,25,30,35,40,45,50,55,60]
 55: [13,26,39,52]
 60: [13,26,39,52]
}
 orde : 16	 size : 48
 indeks topologi :
 narumi katayama : 347892350976
 first multiplicative zagreb : ( 121029087867608368152576 6277101735386680763835789423207666416102355444464034512896) 
 second multiplicative zagreb : 500702078263459319174537025249570888246709955377400223021257741084821677152403456