graf annihilator Z_85
{
 5: [17,34,51,68]
 10: [17,34,51,68]
 15: [17,34,51,68]
 17: [5,10,15,20,25,30,35,40,45,50,55,60,65,70,75,80]
 20: [17,34,51,68]
 25: [17,34,51,68]
 30: [17,34,51,68]
 34: [5,10,15,20,25,30,35,40,45,50,55,60,65,70,75,80]
 35: [17,34,51,68]
 40: [17,34,51,68]
 45: [17,34,51,68]
 50: [17,34,51,68]
 51: [5,10,15,20,25,30,35,40,45,50,55,60,65,70,75,80]
 55: [17,34,51,68]
 60: [17,34,51,68]
 65: [17,34,51,68]
 68: [5,10,15,20,25,30,35,40,45,50,55,60,65,70,75,80]
 70: [17,34,51,68]
 75: [17,34,51,68]
 80: [17,34,51,68]
}
 orde : 20	 size : 64
 indeks topologi :
 narumi katayama : 281474976710656
 first multiplicative zagreb : ( 79228162514264337593543950336 184467440737095516160000000000000000000000000000000000000000000000000000000000000000) 
 second multiplicative zagreb : 39402006196394479212279040100143613805079739270465446667948293404245721771497210611414266254884915640806627990306816